Patch Colors
7, 16, [89 176 60]
0, 13, [89 176 60]
8, 14, [0 0 0]
-1, 16, [89 176 60]
14, 16, [89 176 60]
4, 12, [89 176 60]
-5, 12, [89 176 60]
-3, 6, [89 176 60]
4, 0, [89 176 60]
-8, 10, [89 176 60]
2, 13, [89 176 60]
1, 2, [0 0 0]
-12, 8, [89 176 60]
-3, -16, [89 176 60]
-3, 8, [89 176 60]
-2, -2, [89 176 60]
16, -2, [89 176 60]
-1, -16, [89 176 60]
6, 2, [89 176 60]
11, -10, [89 176 60]
12, 12, [89 176 60]
7, -16, [89 176 60]
0, -5, [89 176 60]
13, -3, [89 176 60]
-10, -7, [89 176 60]
9, 14, [89 176 60]
14, 4, [89 176 60]
-1, 3, [89 176 60]
4, -13, [89 176 60]
-15, -2, [89 176 60]
-4, 7, [89 176 60]
16, 5, [89 176 60]
2, -9, [89 176 60]
-2, 2, [0 0 0]
10, 12, [89 176 60]
-14, -11, [89 176 60]
-6, -12, [89 176 60]
-10, 13, [89 176 60]
3, -5, [89 176 60]
-15, -7, [89 176 60]
-2, 1, [89 176 60]
-10, 16, [89 176 60]
10, -2, [52 93 169]
-3, 11, [89 176 60]
11, 6, [89 176 60]
4, -5, [89 176 60]
14, -9, [0 0 0]
7, -3, [89 176 60]
-15, -4, [89 176 60]
12, -11, [89 176 60]
15, -8, [89 176 60]
-5, -4, [89 176 60]
-6, 2, [89 176 60]
-8, 12, [89 176 60]
9, -15, [89 176 60]
10, 5, [89 176 60]
-15, 11, [89 176 60]
-12, -12, [89 176 60]
-2, 16, [0 0 0]
2, -1, [89 176 60]
-14, 16, [89 176 60]
-12, 7, [89 176 60]
1, -9, [89 176 60]
10, -13, [89 176 60]
15, 3, [89 176 60]
-15, 5, [89 176 60]
-9, 15, [52 93 169]
8, 1, [89 176 60]
-8, 16, [89 176 60]
-10, 9, [89 176 60]
5, -12, [89 176 60]
-5, -5, [89 176 60]
-15, -11, [89 176 60]
-7, 7, [89 176 60]
-15, 13, [89 176 60]
11, 0, [89 176 60]
-4, 11, [89 176 60]
1, 5, [89 176 60]
2, 7, [89 176 60]
9, 4, [89 176 60]
14, -13, [89 176 60]
0, 10, [89 176 60]
-13, -6, [89 176 60]
-15, -8, [89 176 60]
-13, -4, [89 176 60]
4, 5, [89 176 60]
-8, -11, [89 176 60]
-1, -5, [89 176 60]
15, -9, [89 176 60]
10, 13, [0 0 0]
11, 4, [52 93 169]
4, 11, [89 176 60]
15, 7, [89 176 60]
7, -5, [89 176 60]
14, 9, [89 176 60]
7, 10, [52 93 169]
-11, -9, [89 176 60]
-11, -13, [89 176 60]
6, 6, [52 93 169]
-2, -12, [89 176 60]
-2, 5, [0 0 0]
1, 8, [89 176 60]
-14, -5, [89 176 60]
-6, -5, [89 176 60]
7, -1, [89 176 60]
-14, 6, [89 176 60]
15, 12, [0 0 0]
7, 15, [89 176 60]
-13, 13, [89 176 60]
-5, -6, [89 176 60]
-1, -6, [89 176 60]
14, 3, [89 176 60]
2, 2, [52 93 169]
6, 14, [89 176 60]
0, 4, [89 176 60]
5, 3, [89 176 60]
6, 12, [89 176 60]
-12, -7, [89 176 60]
-3, 0, [89 176 60]
7, -15, [89 176 60]
-8, -6, [89 176 60]
-7, -13, [89 176 60]
12, 13, [89 176 60]
12, 3, [89 176 60]
6, 3, [89 176 60]
-5, 10, [89 176 60]
10, 8, [89 176 60]
2, -10, [89 176 60]
-5, 4, [89 176 60]
7, 4, [89 176 60]
0, 1, [89 176 60]
-7, -7, [89 176 60]
-13, -14, [89 176 60]
11, 12, [89 176 60]
-3, -3, [89 176 60]
0, -6, [89 176 60]
16, -7, [0 0 0]
14, -7, [89 176 60]
12, -8, [89 176 60]
13, -2, [89 176 60]
8, 2, [89 176 60]
-1, 13, [89 176 60]
-15, 14, [89 176 60]
4, 6, [89 176 60]
-5, 3, [89 176 60]
0, 15, [0 0 0]
6, -5, [89 176 60]
5, 4, [89 176 60]
-10, -3, [89 176 60]
3, -15, [89 176 60]
7, -14, [89 176 60]
13, 13, [89 176 60]
8, 15, [89 176 60]
-15, 9, [89 176 60]
11, 10, [89 176 60]
-10, 2, [0 0 0]
-3, -12, [89 176 60]
-14, 10, [89 176 60]
16, -12, [89 176 60]
0, -8, [89 176 60]
14, 11, [89 176 60]
-1, 2, [89 176 60]
12, 11, [89 176 60]
-15, 4, [89 176 60]
-14, -16, [89 176 60]
11, 5, [89 176 60]
16, -14, [89 176 60]
-5, 15, [89 176 60]
2, -14, [89 176 60]
5, 9, [89 176 60]
-12, 16, [89 176 60]
13, 16, [89 176 60]
-5, 1, [89 176 60]
-10, -11, [89 176 60]
-7, 14, [89 176 60]
-5, -7, [89 176 60]
7, -11, [89 176 60]
6, -11, [89 176 60]
-5, -13, [52 93 169]
-14, -2, [89 176 60]
3, -13, [89 176 60]
-13, 1, [89 176 60]
-10, 8, [89 176 60]
-5, 6, [89 176 60]
1, -11, [89 176 60]
-4, 1, [89 176 60]
2, -12, [89 176 60]
-16, -2, [89 176 60]
1, -12, [89 176 60]
5, 0, [89 176 60]
9, -12, [89 176 60]
2, 14, [89 176 60]
9, -3, [89 176 60]
-15, 8, [89 176 60]
-2, -13, [89 176 60]
-1, -4, [89 176 60]
-9, 9, [89 176 60]
-5, -11, [89 176 60]
-2, 11, [89 176 60]
3, 14, [89 176 60]
3, 5, [89 176 60]
15, 10, [89 176 60]
-9, 10, [89 176 60]
9, -2, [89 176 60]
7, 5, [89 176 60]
7, 8, [89 176 60]
-6, -9, [89 176 60]
10, -6, [89 176 60]
-14, -15, [89 176 60]
12, -4, [89 176 60]
-4, -1, [89 176 60]
6, 10, [89 176 60]
-10, -4, [89 176 60]
-13, 14, [89 176 60]
13, 6, [0 0 0]
-7, -2, [89 176 60]
8, -7, [89 176 60]
-1, 12, [89 176 60]
-8, 15, [89 176 60]
2, 15, [89 176 60]
11, 13, [89 176 60]
0, -11, [89 176 60]
-16, -4, [89 176 60]
-5, 2, [89 176 60]
-2, 4, [89 176 60]
-8, -13, [89 176 60]
5, 15, [0 0 0]
14, -14, [89 176 60]
-8, -16, [89 176 60]
11, 7, [89 176 60]
4, -6, [89 176 60]
-6, 3, [0 0 0]
15, -15, [89 176 60]
3, -16, [0 0 0]
-10, 1, [89 176 60]
-11, 2, [89 176 60]
-16, 10, [89 176 60]
-8, -9, [89 176 60]
11, 16, [89 176 60]
8, -1, [89 176 60]
-11, -5, [89 176 60]
11, 3, [89 176 60]
11, -13, [89 176 60]
-15, 3, [89 176 60]
-3, -14, [89 176 60]
-9, -16, [89 176 60]
-5, 8, [89 176 60]
0, 7, [89 176 60]
-1, -15, [89 176 60]
-8, -8, [89 176 60]
-13, -11, [89 176 60]
-12, -8, [89 176 60]
14, -6, [0 0 0]
9, 16, [89 176 60]
-1, 14, [52 93 169]
-15, 12, [89 176 60]
5, 7, [89 176 60]
4, 9, [89 176 60]
-13, 0, [0 0 0]
13, 12, [89 176 60]
-2, 8, [0 0 0]
-16, 13, [89 176 60]
-1, 5, [89 176 60]
-14, -10, [89 176 60]
-7, 1, [0 0 0]
-8, -2, [89 176 60]
10, 0, [89 176 60]
-14, -13, [89 176 60]
6, -13, [89 176 60]
15, -16, [89 176 60]
-13, -5, [89 176 60]
13, -1, [89 176 60]
14, -4, [89 176 60]
13, 10, [89 176 60]
-8, 6, [89 176 60]
12, -7, [89 176 60]
-3, 2, [89 176 60]
-1, -12, [89 176 60]
10, 15, [89 176 60]
-11, -6, [89 176 60]
-9, 8, [89 176 60]
3, 9, [89 176 60]
12, -6, [89 176 60]
1, 0, [52 93 169]
-15, -6, [89 176 60]
-11, -3, [89 176 60]
3, 3, [89 176 60]
11, -16, [89 176 60]
-7, 3, [0 0 0]
-16, 4, [89 176 60]
0, 3, [0 0 0]
-10, -13, [89 176 60]
12, -2, [89 176 60]
15, -10, [89 176 60]
3, 13, [89 176 60]
10, 11, [89 176 60]
13, -11, [52 93 169]
-10, -8, [89 176 60]
-7, 4, [89 176 60]
-11, 6, [89 176 60]
-13, 11, [89 176 60]
-11, -15, [89 176 60]
3, 16, [89 176 60]
7, 9, [89 176 60]
1, -4, [89 176 60]
-7, -10, [89 176 60]
-6, -2, [89 176 60]
-16, 1, [89 176 60]
-14, 9, [89 176 60]
15, -6, [89 176 60]
16, -6, [89 176 60]
-8, -1, [89 176 60]
4, -1, [89 176 60]
-2, -14, [89 176 60]
-8, 13, [0 0 0]
-3, -13, [89 176 60]
-3, -5, [0 0 0]
-15, 2, [89 176 60]
-12, 4, [89 176 60]
-6, 15, [89 176 60]
9, -6, [89 176 60]
-6, 13, [89 176 60]
-15, -14, [89 176 60]
0, -1, [52 93 169]
-11, 11, [89 176 60]
-8, -5, [89 176 60]
-15, 15, [89 176 60]
13, -6, [89 176 60]
6, 13, [0 0 0]
5, -5, [89 176 60]
2, -16, [89 176 60]
-4, 16, [89 176 60]
4, -8, [89 176 60]
7, -7, [124 80 164]
-7, -15, [89 176 60]
4, -3, [89 176 60]
-5, -8, [89 176 60]
12, 14, [89 176 60]
2, 12, [89 176 60]
11, -2, [89 176 60]
-12, -3, [89 176 60]
-5, -10, [0 0 0]
-11, 4, [89 176 60]
-2, -5, [89 176 60]
-11, -4, [89 176 60]
5, -13, [89 176 60]
3, -4, [89 176 60]
8, -2, [89 176 60]
-6, -3, [89 176 60]
9, 6, [89 176 60]
-1, 15, [89 176 60]
8, -10, [89 176 60]
4, -14, [89 176 60]
-16, 14, [89 176 60]
15, 1, [89 176 60]
7, -6, [0 0 0]
13, 4, [89 176 60]
11, -5, [89 176 60]
-5, -12, [89 176 60]
6, -14, [89 176 60]
5, 1, [89 176 60]
13, 5, [89 176 60]
-16, 6, [89 176 60]
16, -15, [89 176 60]
15, -14, [89 176 60]
-3, 10, [89 176 60]
-3, 13, [89 176 60]
-5, 16, [89 176 60]
-2, -15, [124 80 164]
-12, -6, [89 176 60]
-5, -1, [89 176 60]
12, 1, [89 176 60]
-6, -15, [89 176 60]
-2, 15, [89 176 60]
-9, 5, [89 176 60]
-13, -16, [89 176 60]
7, 6, [89 176 60]
8, -11, [89 176 60]
0, 0, [89 176 60]
-6, 10, [89 176 60]
5, 13, [89 176 60]
-4, 14, [89 176 60]
-15, 1, [89 176 60]
-5, -2, [89 176 60]
10, -8, [89 176 60]
15, 13, [89 176 60]
-7, 9, [89 176 60]
3, -8, [89 176 60]
-5, 5, [124 80 164]
16, -13, [89 176 60]
3, 6, [52 93 169]
-10, -10, [89 176 60]
8, -5, [89 176 60]
5, -3, [0 0 0]
1, 1, [89 176 60]
3, -1, [89 176 60]
3, 12, [89 176 60]
15, 5, [89 176 60]
-10, 4, [89 176 60]
-6, 6, [0 0 0]
12, -5, [89 176 60]
-7, 8, [0 0 0]
-11, 13, [0 0 0]
16, 15, [89 176 60]
-5, 9, [89 176 60]
0, -7, [89 176 60]
-9, 6, [89 176 60]
16, 10, [89 176 60]
-6, 14, [89 176 60]
6, 16, [0 0 0]
2, -6, [89 176 60]
-14, -6, [89 176 60]
0, -9, [52 93 169]
9, -8, [89 176 60]
6, -1, [89 176 60]
-12, -15, [89 176 60]
6, 9, [89 176 60]
-8, 2, [89 176 60]
-16, -7, [124 80 164]
-6, -8, [89 176 60]
15, 16, [89 176 60]
10, 16, [0 0 0]
-4, -15, [89 176 60]
-12, 14, [89 176 60]
7, 3, [89 176 60]
10, 2, [89 176 60]
14, -11, [89 176 60]
16, 3, [89 176 60]
16, 12, [52 93 169]
-14, 4, [89 176 60]
3, 0, [89 176 60]
-7, -3, [89 176 60]
0, 6, [89 176 60]
9, -10, [89 176 60]
-9, 13, [89 176 60]
-12, -11, [89 176 60]
-6, 7, [89 176 60]
-10, 14, [0 0 0]
8, 8, [89 176 60]
-6, 11, [89 176 60]
0, 9, [89 176 60]
12, 10, [89 176 60]
-16, -15, [89 176 60]
-11, -12, [89 176 60]
-7, -14, [89 176 60]
-7, -11, [89 176 60]
-12, -13, [89 176 60]
-14, 3, [89 176 60]
11, -7, [89 176 60]
15, 0, [89 176 60]
1, -10, [89 176 60]
2, -15, [89 176 60]
-16, 8, [89 176 60]
-16, -1, [89 176 60]
-4, -12, [89 176 60]
-15, 10, [89 176 60]
-10, -16, [0 0 0]
-2, -11, [89 176 60]
5, 14, [0 0 0]
-2, 9, [89 176 60]
-7, 5, [89 176 60]
-11, 10, [89 176 60]
0, -16, [89 176 60]
16, 11, [89 176 60]
-10, 10, [89 176 60]
-15, 6, [89 176 60]
11, -9, [89 176 60]
-9, -6, [89 176 60]
-12, -2, [89 176 60]
13, -10, [89 176 60]
14, 10, [52 93 169]
6, 7, [52 93 169]
-6, 9, [89 176 60]
16, 2, [89 176 60]
0, 12, [89 176 60]
7, -9, [89 176 60]
2, 10, [89 176 60]
-9, -8, [89 176 60]
-5, -16, [89 176 60]
4, 7, [0 0 0]
9, -9, [89 176 60]
-4, -11, [89 176 60]
16, 1, [89 176 60]
0, -3, [89 176 60]
2, -13, [89 176 60]
-2, -6, [89 176 60]
7, -2, [89 176 60]
4, 4, [89 176 60]
6, -16, [89 176 60]
-4, -9, [89 176 60]
12, -9, [89 176 60]
-7, 16, [89 176 60]
-2, 14, [89 176 60]
-15, 0, [89 176 60]
-6, -16, [89 176 60]
3, -12, [89 176 60]
11, 9, [89 176 60]
-8, 4, [89 176 60]
14, 2, [89 176 60]
-7, 15, [89 176 60]
-13, 10, [89 176 60]
-16, 3, [89 176 60]
4, 14, [52 93 169]
10, -12, [89 176 60]
-12, 10, [89 176 60]
3, 15, [0 0 0]
8, -13, [89 176 60]
-9, 1, [89 176 60]
-11, -14, [89 176 60]
-7, -1, [89 176 60]
4, -2, [89 176 60]
9, -7, [89 176 60]
8, -9, [0 0 0]
6, -12, [89 176 60]
-2, 10, [89 176 60]
12, 8, [89 176 60]
12, 16, [89 176 60]
0, 14, [89 176 60]
3, 8, [89 176 60]
0, -4, [89 176 60]
-8, -12, [89 176 60]
6, -10, [89 176 60]
1, 3, [89 176 60]
-1, -2, [89 176 60]
16, 7, [89 176 60]
11, 2, [89 176 60]
10, -10, [52 93 169]
8, -12, [89 176 60]
13, 9, [89 176 60]
-3, 5, [89 176 60]
-10, -15, [89 176 60]
1, -1, [89 176 60]
9, -1, [89 176 60]
9, -4, [0 0 0]
3, 2, [89 176 60]
-4, -16, [89 176 60]
-4, -2, [89 176 60]
12, -3, [89 176 60]
1, -14, [89 176 60]
10, 7, [89 176 60]
-9, 4, [89 176 60]
14, -2, [89 176 60]
16, -3, [89 176 60]
-6, -11, [89 176 60]
-3, 9, [89 176 60]
13, 2, [89 176 60]
-9, -3, [89 176 60]
-7, -12, [89 176 60]
-12, 3, [89 176 60]
-1, 7, [89 176 60]
12, -16, [0 0 0]
-6, 0, [89 176 60]
-12, 13, [89 176 60]
11, -14, [124 80 164]
-10, 15, [89 176 60]
11, 11, [89 176 60]
8, -8, [89 176 60]
14, 12, [89 176 60]
7, 12, [89 176 60]
-14, -3, [89 176 60]
-13, -3, [89 176 60]
14, 5, [89 176 60]
-4, 3, [89 176 60]
15, 11, [89 176 60]
15, -11, [89 176 60]
11, -6, [89 176 60]
10, -4, [89 176 60]
-12, -16, [89 176 60]
5, 12, [89 176 60]
-16, -5, [89 176 60]
-10, -12, [0 0 0]
-4, -7, [89 176 60]
4, -11, [89 176 60]
7, -4, [0 0 0]
4, 15, [89 176 60]
-4, 2, [89 176 60]
-9, -9, [89 176 60]
-4, 12, [89 176 60]
16, -1, [89 176 60]
0, 2, [89 176 60]
-16, 11, [89 176 60]
2, 0, [124 80 164]
-3, -6, [89 176 60]
-2, -7, [89 176 60]
-15, -13, [89 176 60]
13, 3, [89 176 60]
-15, -1, [0 0 0]
12, -1, [0 0 0]
-15, -10, [89 176 60]
16, 6, [89 176 60]
9, 1, [89 176 60]
-13, 7, [89 176 60]
-4, -6, [52 93 169]
-1, 9, [89 176 60]
-11, 12, [89 176 60]
-16, -8, [89 176 60]
-10, -2, [89 176 60]
3, -9, [89 176 60]
-3, 12, [89 176 60]
-9, -7, [89 176 60]
-16, -14, [89 176 60]
6, -2, [89 176 60]
-3, -11, [52 93 169]
-14, 0, [89 176 60]
8, -6, [89 176 60]
13, -7, [89 176 60]
-8, 7, [89 176 60]
-8, 1, [89 176 60]
-13, 3, [89 176 60]
-5, 7, [89 176 60]
7, 0, [89 176 60]
-8, -10, [0 0 0]
1, 15, [89 176 60]
-14, -8, [89 176 60]
14, 0, [89 176 60]
15, 14, [89 176 60]
5, 2, [0 0 0]
11, -4, [89 176 60]
10, 1, [89 176 60]
-8, -3, [89 176 60]
14, 6, [89 176 60]
-14, 7, [89 176 60]
-12, 6, [89 176 60]
-13, 4, [89 176 60]
-3, 4, [89 176 60]
-13, -13, [0 0 0]
6, 15, [89 176 60]
-9, -11, [89 176 60]
2, -11, [89 176 60]
-6, -14, [89 176 60]
6, -6, [89 176 60]
2, 4, [89 176 60]
-3, 3, [89 176 60]
15, 6, [89 176 60]
12, 4, [89 176 60]
-9, -2, [89 176 60]
3, -2, [89 176 60]
7, -10, [89 176 60]
3, -14, [0 0 0]
-11, 7, [89 176 60]
-7, -9, [89 176 60]
-2, 6, [89 176 60]
-16, -12, [89 176 60]
-13, -8, [89 176 60]
13, -9, [89 176 60]
2, 5, [89 176 60]
14, 13, [89 176 60]
-4, -10, [0 0 0]
9, -13, [89 176 60]
13, -12, [89 176 60]
-16, 16, [255 255 255]
4, -9, [89 176 60]
-4, 9, [89 176 60]
5, 8, [89 176 60]
12, -13, [89 176 60]
-8, 11, [89 176 60]
-4, 8, [89 176 60]
9, 8, [89 176 60]
11, -15, [89 176 60]
14, -15, [89 176 60]
9, 3, [89 176 60]
-4, 15, [89 176 60]
6, 0, [89 176 60]
4, -10, [89 176 60]
11, -12, [89 176 60]
10, -9, [89 176 60]
-11, 5, [89 176 60]
-8, 5, [89 176 60]
2, 16, [89 176 60]
-14, 2, [89 176 60]
-11, -1, [89 176 60]
4, -15, [89 176 60]
-16, 12, [89 176 60]
-13, -1, [89 176 60]
15, -1, [89 176 60]
-14, -4, [89 176 60]
10, -16, [89 176 60]
16, 4, [89 176 60]
-13, -10, [0 0 0]
-6, -10, [89 176 60]
-3, -9, [89 176 60]
8, 3, [89 176 60]
11, -8, [89 176 60]
-5, 0, [89 176 60]
9, 10, [89 176 60]
1, -6, [89 176 60]
-16, -13, [89 176 60]
-15, -15, [89 176 60]
3, 10, [89 176 60]
-7, -6, [0 0 0]
-7, 2, [89 176 60]
-4, -5, [89 176 60]
-4, -13, [89 176 60]
-4, 13, [89 176 60]
-5, 13, [89 176 60]
-7, 6, [89 176 60]
-12, -5, [89 176 60]
10, 3, [89 176 60]
-7, -8, [89 176 60]
8, 10, [0 0 0]
9, 0, [89 176 60]
2, 1, [89 176 60]
-1, 0, [89 176 60]
-2, -4, [89 176 60]
5, -16, [89 176 60]
-6, 4, [89 176 60]
-10, -6, [0 0 0]
-9, -12, [89 176 60]
0, 16, [89 176 60]
-7, -4, [89 176 60]
-4, -4, [89 176 60]
-10, 5, [89 176 60]
13, 1, [89 176 60]
3, 7, [89 176 60]
15, 15, [89 176 60]
5, -15, [89 176 60]
-15, -5, [89 176 60]
9, 7, [124 80 164]
1, -3, [89 176 60]
-6, -13, [89 176 60]
8, 5, [89 176 60]
12, 6, [89 176 60]
8, 0, [89 176 60]
6, -15, [52 93 169]
14, -12, [89 176 60]
1, 14, [89 176 60]
4, 2, [89 176 60]
-12, -4, [89 176 60]
-2, -8, [89 176 60]
1, -2, [0 0 0]
-7, 12, [89 176 60]
0, 11, [0 0 0]
1, 7, [89 176 60]
6, -4, [89 176 60]
-12, 0, [89 176 60]
5, 11, [89 176 60]
-14, 14, [89 176 60]
5, 6, [89 176 60]
-13, 8, [89 176 60]
-11, -7, [89 176 60]
-14, -14, [89 176 60]
-13, -15, [0 0 0]
-10, -9, [124 80 164]
6, 4, [89 176 60]
-13, -9, [89 176 60]
-4, 6, [89 176 60]
-2, 7, [89 176 60]
4, 16, [89 176 60]
-6, -7, [89 176 60]
6, -3, [89 176 60]
-2, 12, [89 176 60]
5, -2, [89 176 60]
-10, 3, [89 176 60]
-3, -10, [89 176 60]
-11, -10, [89 176 60]
-1, 10, [89 176 60]
3, -11, [89 176 60]
-15, -9, [89 176 60]
-10, -5, [89 176 60]
-6, 5, [89 176 60]
-8, -14, [89 176 60]
5, -4, [89 176 60]
10, 14, [89 176 60]
9, -14, [89 176 60]
-12, 5, [89 176 60]
3, -6, [89 176 60]
-12, -10, [89 176 60]
-16, 5, [89 176 60]
-12, 15, [89 176 60]
-3, 1, [0 0 0]
13, -5, [0 0 0]
-11, 15, [89 176 60]
1, 6, [89 176 60]
-9, 16, [89 176 60]
-5, -9, [89 176 60]
-13, 15, [89 176 60]
1, -7, [89 176 60]
-16, 15, [89 176 60]
5, -14, [89 176 60]
14, 1, [89 176 60]
1, -13, [89 176 60]
4, 10, [89 176 60]
-3, 14, [89 176 60]
2, -5, [89 176 60]
1, 11, [89 176 60]
15, -2, [52 93 169]
1, 9, [89 176 60]
6, -9, [89 176 60]
10, -5, [89 176 60]
-6, 12, [89 176 60]
3, -3, [0 0 0]
16, -5, [89 176 60]
11, 8, [89 176 60]
0, -13, [52 93 169]
-9, -15, [89 176 60]
-9, 12, [89 176 60]
10, 6, [89 176 60]
0, -14, [89 176 60]
-16, -3, [89 176 60]
-7, 0, [89 176 60]
6, 8, [89 176 60]
-3, 7, [89 176 60]
-9, -14, [0 0 0]
-11, 3, [89 176 60]
-4, 10, [89 176 60]
-7, 13, [89 176 60]
-1, -3, [89 176 60]
6, -7, [89 176 60]
-16, 0, [89 176 60]
-8, -7, [89 176 60]
16, -8, [89 176 60]
15, -12, [89 176 60]
5, 5, [89 176 60]
-12, 12, [89 176 60]
-9, 11, [89 176 60]
-1, 1, [89 176 60]
15, -5, [89 176 60]
-13, -2, [89 176 60]
-4, -3, [89 176 60]
11, -1, [89 176 60]
1, 4, [89 176 60]
5, -7, [89 176 60]
4, -12, [89 176 60]
-9, -5, [89 176 60]
6, 1, [89 176 60]
-9, -13, [89 176 60]
-8, 9, [0 0 0]
5, -6, [89 176 60]
7, 14, [89 176 60]
9, -11, [89 176 60]
15, 8, [89 176 60]
-11, 1, [89 176 60]
-3, -4, [89 176 60]
-6, 1, [89 176 60]
-6, -4, [89 176 60]
-7, 10, [89 176 60]
10, -7, [89 176 60]
9, 9, [89 176 60]
1, 13, [89 176 60]
3, -10, [89 176 60]
-12, 2, [89 176 60]
-12, -14, [89 176 60]
10, -3, [89 176 60]
-11, 9, [89 176 60]
12, 7, [89 176 60]
-10, -1, [89 176 60]
8, 13, [89 176 60]
-8, 8, [89 176 60]
-2, -3, [89 176 60]
-9, 3, [89 176 60]
2, -7, [0 0 0]
8, -15, [89 176 60]
10, -15, [52 93 169]
1, 10, [89 176 60]
-3, 16, [89 176 60]
5, -9, [89 176 60]
4, 1, [89 176 60]
15, -4, [89 176 60]
-13, 12, [89 176 60]
-9, -10, [89 176 60]
14, -10, [0 0 0]
8, 7, [89 176 60]
2, 8, [89 176 60]
-14, -7, [89 176 60]
-2, -10, [89 176 60]
-9, -1, [89 176 60]
9, 13, [89 176 60]
8, -3, [89 176 60]
2, -4, [0 0 0]
13, -8, [89 176 60]
0, 5, [89 176 60]
-16, 9, [89 176 60]
8, -4, [89 176 60]
-3, 15, [89 176 60]
16, 9, [52 93 169]
0, -10, [89 176 60]
2, -8, [89 176 60]
5, -1, [124 80 164]
8, 6, [89 176 60]
15, 4, [89 176 60]
-13, 2, [89 176 60]
-10, 6, [89 176 60]
-10, 0, [89 176 60]
12, 5, [89 176 60]
13, -16, [89 176 60]
13, 0, [89 176 60]
-2, -16, [89 176 60]
-14, 12, [89 176 60]
8, 16, [89 176 60]
9, 12, [0 0 0]
14, -1, [89 176 60]
-9, 14, [89 176 60]
6, 11, [89 176 60]
-14, -12, [89 176 60]
12, -14, [89 176 60]
-16, 7, [0 0 0]
9, 2, [89 176 60]
11, 15, [89 176 60]
-12, -9, [89 176 60]
9, 15, [89 176 60]
13, 14, [89 176 60]
7, -13, [89 176 60]
14, 14, [89 176 60]
-15, -3, [89 176 60]
13, 11, [89 176 60]
-8, 0, [89 176 60]
16, 14, [89 176 60]
16, -4, [0 0 0]
-14, -1, [89 176 60]
8, 9, [89 176 60]
-2, 0, [89 176 60]
5, 10, [89 176 60]
1, -16, [89 176 60]
9, -16, [89 176 60]
-2, 3, [89 176 60]
-16, -6, [52 93 169]
5, -11, [89 176 60]
1, -15, [89 176 60]
9, 11, [89 176 60]
-14, 13, [89 176 60]
14, -5, [89 176 60]
-1, -13, [89 176 60]
6, -8, [0 0 0]
-2, -9, [89 176 60]
15, -7, [89 176 60]
6, 5, [89 176 60]
4, -16, [89 176 60]
14, -16, [89 176 60]
0, 8, [89 176 60]
7, 7, [89 176 60]
-16, -16, [89 176 60]
2, -3, [89 176 60]
16, 13, [52 93 169]
16, -10, [89 176 60]
11, 14, [0 0 0]
-4, -8, [89 176 60]
-15, -12, [89 176 60]
7, -12, [89 176 60]
10, -14, [89 176 60]
0, -2, [89 176 60]
16, 16, [89 176 60]
-1, 4, [89 176 60]
1, -8, [89 176 60]
3, -7, [89 176 60]
7, 11, [89 176 60]
-10, -14, [89 176 60]
-5, 14, [89 176 60]
12, -10, [89 176 60]
7, 13, [89 176 60]
-3, -2, [89 176 60]
-11, -11, [89 176 60]
-9, 0, [89 176 60]
2, 9, [89 176 60]
-3, -8, [89 176 60]
4, 13, [89 176 60]
9, -5, [89 176 60]
-8, -15, [89 176 60]
10, 9, [0 0 0]
-15, -16, [89 176 60]
8, 4, [89 176 60]
2, -2, [89 176 60]
14, 7, [89 176 60]
-1, 6, [89 176 60]
-3, -15, [89 176 60]
12, 2, [89 176 60]
-11, 14, [89 176 60]
-14, 15, [89 176 60]
-15, 7, [89 176 60]
14, -3, [89 176 60]
16, 0, [89 176 60]
-12, 11, [89 176 60]
16, -11, [0 0 0]
-7, -16, [89 176 60]
-3, -1, [89 176 60]
-10, 12, [89 176 60]
-12, 1, [89 176 60]
-1, 8, [0 0 0]
12, -15, [89 176 60]
0, -15, [89 176 60]
3, 1, [89 176 60]
-8, -4, [89 176 60]
16, 8, [89 176 60]
-16, -9, [89 176 60]
11, 1, [89 176 60]
-5, -3, [89 176 60]
-14, 11, [89 176 60]
-1, 11, [89 176 60]
12, 9, [89 176 60]
2, 11, [89 176 60]
15, 2, [89 176 60]
1, 12, [0 0 0]
-11, 0, [89 176 60]
-13, 9, [89 176 60]
-14, 1, [89 176 60]
-1, -1, [89 176 60]
-10, 11, [89 176 60]
16, -9, [89 176 60]
-5, -15, [89 176 60]
13, -15, [89 176 60]
-4, 5, [89 176 60]
-9, -4, [89 176 60]
-16, -10, [89 176 60]
-4, 0, [0 0 0]
-16, 2, [89 176 60]
10, -11, [89 176 60]
-8, 14, [89 176 60]
-13, -7, [89 176 60]
9, 5, [89 176 60]
15, -13, [89 176 60]
13, 8, [89 176 60]
-8, 3, [89 176 60]
-14, -9, [89 176 60]
11, -11, [89 176 60]
5, 16, [89 176 60]
-3, -7, [89 176 60]
-13, 16, [89 176 60]
3, 4, [89 176 60]
-1, -7, [52 93 169]
-5, 11, [89 176 60]
1, -5, [89 176 60]
8, 12, [89 176 60]
-11, -8, [89 176 60]
15, 9, [89 176 60]
5, -8, [89 176 60]
0, -12, [89 176 60]
-11, -2, [89 176 60]
10, 10, [89 176 60]
-6, 16, [89 176 60]
-15, 16, [89 176 60]
14, -8, [89 176 60]
15, -3, [89 176 60]
-6, -6, [89 176 60]
8, 11, [89 176 60]
-7, -5, [89 176 60]
7, 2, [89 176 60]
4, 3, [89 176 60]
-1, -10, [89 176 60]
14, 15, [89 176 60]
14, 8, [89 176 60]
10, 4, [89 176 60]
5, -10, [89 176 60]
13, -13, [89 176 60]
7, 1, [89 176 60]
-14, 5, [89 176 60]
3, 11, [89 176 60]
-12, 9, [52 93 169]
13, 7, [89 176 60]
-7, 11, [89 176 60]
10, -1, [89 176 60]
-6, -1, [89 176 60]
7, -8, [89 176 60]
-5, -14, [89 176 60]
-4, 4, [0 0 0]
8, -14, [89 176 60]
16, -16, [89 176 60]
-11, 16, [89 176 60]
-9, 7, [89 176 60]
4, 8, [89 176 60]
11, -3, [89 176 60]
-13, 6, [89 176 60]
13, -4, [0 0 0]
-1, -8, [89 176 60]
-12, -1, [89 176 60]
-6, 8, [89 176 60]
8, -16, [89 176 60]
-1, -9, [89 176 60]
-9, 2, [89 176 60]
-13, -12, [89 176 60]
-1, -14, [89 176 60]
-1, -11, [89 176 60]
12, -12, [89 176 60]
-2, 13, [89 176 60]
-13, 5, [89 176 60]
-11, -16, [124 80 164]
-11, 8, [0 0 0]
-4, -14, [89 176 60]
-16, -11, [0 0 0]
13, -14, [89 176 60]
-10, 7, [89 176 60]
-2, -1, [89 176 60]
12, 0, [89 176 60]
-14, 8, [89 176 60]
4, -7, [89 176 60]
13, 15, [89 176 60]
2, 3, [89 176 60]
4, -4, [89 176 60]
12, 15, [89 176 60]
2, 6, [52 93 169]
1, 16, [89 176 60]
Start of Operation
Battery Percentage: 100%
Robot position is (-16, 16)
Battery Percentage: 100%
Robot position is (-15, 16)
Battery Percentage: 100%
Robot position is (-15, 15)
Battery Percentage: 100%
Robot position is (-14, 15)
Battery Percentage: 100%
Robot position is (-14, 14)
Battery Percentage: 100%
Robot position is (-13, 14)
Battery Percentage: 100%
Robot position is (-13, 13)
Battery Percentage: 100%
Robot position is (-13, 12)
Battery Percentage: 100%
Robot position is (-13, 11)
Battery Percentage: 100%
Robot position is (-13, 10)
Battery Percentage: 100%
Healthy plant at (-12, 9)
Robot position is (-12, 10)
Battery Percentage: 100%
Robot position is (-11, 10)
Battery Percentage: 100%
Robot position is (-10, 10)
Battery Percentage: 100%
Robot position is (-10, 9)
Battery Percentage: 100%
Robot position is (-9, 9)
Battery Percentage: 100%
Robot position is (-9, 8)
Battery Percentage: 100%
Robot position is (-9, 7)
Battery Percentage: 100%
Robot position is (-9, 6)
Battery Percentage: 100%
Robot position is (-9, 5)
Battery Percentage: 100%
Robot position is (-8, 5)
Battery Percentage: 100%
Robot position is (-7, 5)
Battery Percentage: 100%
Unhealthy plant at (-5, 5)
Robot position is (-6, 5)
Battery Percentage: 100%
Robot position is (-5, 5)
Battery Percentage: 100%
Robot position is (-5, 4)
Battery Percentage: 100%
Robot position is (-5, 3)
Battery Percentage: 100%
Robot position is (-4, 3)
Battery Percentage: 100%
Robot position is (-3, 3)
Battery Percentage: 100%
Robot position is (-2, 3)
Battery Percentage: 100%
Robot position is (-1, 3)
Battery Percentage: 100%
Robot position is (-1, 2)
Battery Percentage: 100%
Robot position is (0, 2)
Battery Percentage: 100%
Robot position is (0, 1)
Battery Percentage: 100%
Healthy plant at (1, 0)
Robot position is (1, 1)
Battery Percentage: 100%
Unhealthy plant at (2, 0)
Robot position is (1, 0)
Battery Percentage: 100%
Healthy plant at (0, -1)
Robot position is (1, -1)
Battery Percentage: 100%
Robot position is (2, -1)
Battery Percentage: 100%
Robot position is (2, -2)
Battery Percentage: 100%
Robot position is (3, -2)
Battery Percentage: 100%
Robot position is (4, -2)
Battery Percentage: 100%
Unhealthy plant at (5, -1)
Robot position is (5, -2)
Battery Percentage: 100%
Robot position is (6, -2)
Battery Percentage: 100%
Robot position is (6, -3)
Battery Percentage: 100%
Robot position is (6, -4)
Battery Percentage: 100%
Robot position is (6, -5)
Battery Percentage: 100%
Robot position is (6, -6)
Battery Percentage: 100%
Unhealthy plant at (7, -7)
Robot position is (6, -7)
Battery Percentage: 100%
Robot position is (7, -7)
Battery Percentage: 100%
Robot position is (8, -7)
Battery Percentage: 100%
Robot position is (8, -8)
Battery Percentage: 100%
Robot position is (9, -8)
Battery Percentage: 99%
Robot position is (9, -9)
Battery Percentage: 99%
Healthy plant at (10, -10)
Robot position is (10, -9)
Battery Percentage: 99%
Robot position is (10, -10)
Battery Percentage: 99%
Robot position is (11, -10)
Battery Percentage: 99%
Robot position is (12, -10)
Battery Percentage: 99%
Healthy plant at (13, -11)
Robot position is (13, -10)
Battery Percentage: 99%
Robot position is (13, -11)
Battery Percentage: 99%
Robot position is (13, -12)
Battery Percentage: 99%
Robot position is (14, -12)
Battery Percentage: 99%
Robot position is (14, -13)
Battery Percentage: 99%
Robot position is (15, -13)
Battery Percentage: 99%
Robot position is (16, -13)
Battery Percentage: 99%
Robot position is (16, -12)
